1.0
0.9997004703807576
0.999401030479508
0.999101680269378
0.9988024197235025
0.9985032488150243
0.9982041675170944
0.9979051758028719
0.9976062736455236
0.9973074610182247
0.9970087378941583
0.9967101042465155
0.9964115600484955
0.9961131052733054
0.9958147398941606
0.995516463884284
0.9952182772169073
0.9949201798652694
0.9946221718026178
0.9943242530022076
0.9940264234373024
0.9937286830811733
0.9934310319070998
0.993133469888369
0.9928359969982765
0.9925386132101255
0.9922413184972272
0.9919441128329012
0.9916469961904746
0.9913499685432828
0.991053029864669
0.9907561801279846
0.9904594193065889
0.9901627473738489
0.98986616430314
0.9895696700678454
0.989273264641356
0.9889769479970714
0.9886807201083982
0.9883845809487519
0.9880885304915552
0.9877925687102393
0.987496695578243
0.9872009110690134
0.9869052151560052
0.986609607812681
0.986314089012512
0.9860186587289768
0.9857233169355617
0.9854280636057616
0.985132898713079
0.9848378222310243
0.9845428341331159
0.9842479343928802
0.9839531229838514
0.9836583998795716
0.9833637650535911
0.9830692184794678
0.9827747601307678
0.9824803899810648
0.9821861080039406
0.9818919141729849
0.9815978084617956
0.9813037908439778
0.9810098612931452
0.980716019782919
0.9804222662869285
0.9801286007788108
0.9798350232322109
0.9795415336207818
0.9792481319181843
0.9789548180980869
0.9786615921341665
0.9783684540001074
0.978075403669602
0.9777824411163504
0.9774895663140609
0.9771967792364494
0.9769040798572398
0.9766114681501639
0.976318944088961
0.976026507647379
0.9757341587991728
0.975441897518106
0.9751497237779493
0.9748576375524817
0.9745656388154901
0.9742737275407689
0.9739819037021207
0.9736901672733559
