-515.0
254.0
-172.66666666666666
-128.0
100.60000000000001
-85.33333333333333
-72.85714285714285
-63.75
55.11111111111111
-51.2
-47.18181818181818
41.75
38.769230769230774
-36.57142857142857
-33.93333333333333
-524.0
-260.5
-175.66666666666666
-131.25
-105.60000000000001
-88.83333333333333
-74.85714285714285
-66.25
-57.22222222222222
-52.1
-47.909090909090914
-43.666666666666664
-40.30769230769231
-37.857142857142854
-34.93333333333333
-32.125
-31.058823529411764
-29.333333333333332
-27.31578947368421
-26.35
-24.619047619047617
-23.363636363636363
-22.652173913043477
-21.625
-21.080000000000002
-20.192307692307693
-19.444444444444443
-19.0
-17.75862068965517
-17.53333333333333
-17.064516129032256
-16.46875
-15.878787878787879
-15.441176470588236
-14.799999999999999
-14.638888888888888
-14.162162162162163
-13.710526315789473
-13.358974358974358
-13.575000000000001
-12.634146341463415
-12.333333333333332
-12.41860465116279
-12.068181818181818
-11.644444444444446
-11.456521739130434
-11.127659574468085
-10.875
-10.73469387755102
-10.32
-10.156862745098039
-10.01923076923077
-9.88679245283019
-9.703703703703702
-9.872727272727273
-9.303571428571429
-9.210526315789473
-9.10344827586207
-8.813559322033898
-8.683333333333334
-8.639344262295083
-8.580645161290322
-8.285714285714285
-8.1875
-8.292307692307693
-7.96969696969697
-7.880597014925373
-7.867647058823529
-7.594202898550725
-7.557142857142857
-7.380281690140845
-7.319444444444444
-7.0547945205479445
-7.054054054054054
-7.133333333333334
-6.934210526315789
-6.701298701298701
-6.769230769230769
-6.518987341772152
-6.5625
-6.493827160493827
-6.317073170731708
-6.325301204819278
-6.107142857142857
-6.0588235294117645
-6.104651162790698
-5.954022988505747
-5.8977272727272725
-5.887640449438202
-5.911111111111111
-5.912087912087912
-5.619565217391304
-5.591397849462366
-5.617021276595745
-5.421052631578947
-5.354166666666666
-5.288659793814433
-5.428571428571428
-5.373737373737375
-5.16
-5.306930693069307
-5.264705882352941
-5.067961165048543
-4.913461538461538
-5.000000000000001
-5.018867924528302
4.682242990654205
-4.842592592592593
-4.752293577981652
-4.745454545454545
