-0.9574468085106383
-18.77726974579496
-23.72971688722018
-17.119166057197777
-17.942151450909083
-13.131926761182092
-20.163251516485104
-19.61673056262609
-18.52970149613538
-33.921529116072776
-20.323140162702305
-18.214894932369745
-17.83644170231392
-18.290188841556994
-25.783025664403272
-19.084979060812692
-11.599193806090367
-22.253680008786777
-19.947713938686505
-25.27033492822968
-15.76571199334596
-15.67494551998185
-19.104787838118813
-11.227489465257532
-46.772816263257454
-21.38945023045779
-22.777893846779303
-10.781118138983896
-20.629305564552215
-19.19642727167001
-19.747851808036845
-34.437827465325725
-18.96189369427276
-16.607550610105058
-14.442013374764961
-12.472598923486437
-21.189855975370758
-12.995910118170215
-18.558022224287683
-18.891673584082543
-18.9287284295614
-23.76386747565911
-14.043028796997802
-22.55668835925083
-37.34690072843975
-14.904212113153754
-22.468318851584367
-24.538437557307915
-17.843251431961118
-12.537951810762738
-16.618735737060888
-10.188792962006545
-22.806406653570527
-24.060679591592308
-14.481014767393685
-16.38923598753153
-6.7654898550364155
4.061390975725333
-10.95399251325166
9.748289465661056
-8.026757588400638
-21.275064572338813
-21.442793239213998
-27.215722652335717
22.946867410987934
3.321497785160566
-33.744915049233995
-22.58225067300508
-49.860842786246025
-19.55752537002709
-5.967269597317997
-11.747503241058928
-26.232654813578872
-24.28580255998177
-7.148589220085759
-22.721102690694497
-13.358956633374342
-11.222859560279094
-26.23268465930196
-12.590314873349925
31.22990474531367
-28.18723202478303
5.7419262491644885
-43.66412802883392
-10.879242749338987
-24.72654054225182
-15.797760598919286
-25.521795091423805
-49.64868515162634
-1.951396661152767
-10.557372543191091
-13.669246630136305
28.27309966398541
-33.51251148653426
-16.165353803284848
31.2697071739177
-11.27874970343706
-30.812924863807357
-32.53185045457358
-23.758716743452872
1.400651711940018
21.305138904021348
-9.804715292290002
-15.25340653498549
-6.254760612505897
-3.5437164120563622
0.3767786038306795
-25.95196097170393
-11.067369525320993
-18.218034761738913
-25.31973929922848
-12.92418319205752
-21.931696001294117
-22.669253344253356
33.08411438244586
3.6328225856203025
-1.7135354944476937
-2.644723719066648
7.547310369268028
-2.303466411564809
-1.5057789492608733
32.46785965750496
-17.33643252652611
-17.995435256333472
21.653404589927977
-32.41553814556328
11.459124629642252
9.51158660264787
11.58919468919468
0.8076688684088649
-50.06945905941899
12.81243871534836
20.566386440036503
-1.9235210323445742
49.256670642111466
-24.839772142164115
-16.17415431362455
8.509460549029505
-4.620597607951947
-3.6231161458021823
23.726234871234865
25.527175226557617
-3.3686678381778257
4.000329516838171
-1.4686512962928155
-27.666688076444196
-1.5367322454214545
6.261585180365657
-15.673904526845714
33.66165873636905
51.945501248476084
13.194696483052601
0.6255103367773724
44.9707307242276
18.621697359099368
10.33012748080544
37.10895700954573
-36.534892823666354
14.075327269801763
-20.919057892810518
13.82876382876383
29.34900378197504
-46.5572728346922
30.63824326007578
37.290336239939606
15.749176324586152
30.34795196947592
7.779781658608478
43.75344256103356
-6.776275796494726
25.396426612603076
33.605391470190256
12.784421103351487
57.65526821005081
1.2329364778668115
28.9131409405243
15.779312641972819
26.634398629880685
43.24169833132095
40.4631365498301
9.601286263173321
33.350534527022354
65.12869352869352
69.42582470669427
42.70985875010265
28.58180726051459
-12.75402137781116
50.99080663402644
15.938784757205804
6.78921710377468
32.10688694195005
37.667920954877474
59.740825915433334
31.122558046989838
85.05252193966673
1.0458609485588624
44.69178174990532
4.973646744813786
-3.4376034277968373
7.121212943906466
50.799195517701406
